[graph]
category = Tree
weighted = 1

[Planar]
keep_same = 1
degree_max = 2
g_type = Triangulation
sparse = 0
n = 10000
seed = 0
c_dist = 0.15
fn = laplace

[Tree]
h = 4
r = 2
g_type = Balanced Tree

[Lattice]
n = 200
m = 150
g_type = 2d Grid/Lattice

[theme]
goal = 1.0, 0.5, 0.5, 1.0
node = 0.20784313725490197, 0.2, 0.2, 0.796078431372549
path = 1,1,1,1
relay = 0.49891067538126344, 0.2993464052287581, 0.8980392156862745, 0.8
open = 1.0, 0.0, 0.0, 1.0
edge = 0.2, 0.2, 0.2, 0.8
node size = 0
node shape = Circle
closed = 0.0, 1.0, 0.0, 1.0
start = 1.0, 0.0, 1.0, 1
point size = 6
opn = 1, 0.19999999999999996, 0.19999999999999996, 0.9

