[graph]
weighted = 1
category = Lattice

[Planar]
sparse = 0
n = 65536
degree_max = 5
fn = laplace
seed = 0
c_dist = 0.15
keep_same = 1
g_type = Triangulation

[Tree]
g_type = Random Tree

[Lattice]
n = 100
m = 100
g_type = Triangular Lattice

[theme]
start = 1,0,1,1
goal = 1,0.5,0.5,1
open = 1,0,0,1
closed = 0,1,0,1
path = 1,1,1,1
node = 0.20784313725490197, 0.1983368055555556, 0.1983368055555556, 0.796078431372549
edge = 0.2, 0.2, 0.2, 0.8
relay = 0.5,0.3,0.9,0.8
point size = 6

