[graph]
weighted = 1
category = Planar

[Planar]
c_dist = 0.15
g_type = Triangulation
fn = laplace
n = 65536
sparse = 0
keep_same = 1
degree_max = 5
seed = 0

[Tree]
g_type = Random Tree

[Lattice]
m = 100
g_type = 2d Grid/Lattice
n = 100

[theme]
start = 1,0,1,1
node = 0.20784313725490197, 0.1983368055555556, 0.1983368055555556, 0.796078431372549
edge = 0.2, 0.2, 0.2, 0.8
point size = 6
relay = 0.5,0.3,0.9,0.8
path = 1,1,1,1
open = 1,0,0,1
closed = 0,1,0,1
goal = 1,0.5,0.5,1

